12.537
12.279
12.402
12.328
12.451
12.385
12.283
12.397
12.054
12.467
12.328
12.5
12.209
12.381
12.537
12.52
12.299
12.299
12.434
12.16
12.381
12.418
12.504
12.537
12.434
12.328
12.381
12.414
12.365
12.434
12.279
12.279
12.622
12.414
12.299
12.381
12.193
12.451
12.402
12.483
12.504
12.332
12.385
12.434
12.332
12.365
12.279
12.483
12.365
12.434
12.332
12.263
12.451
12.381
12.344
12.381
12.43
12.451
12.418
12.487
12.299
12.209
12.553
12.414
12.312
12.295
12.279
12.418
12.312
12.537
12.483
12.279
12.414
12.5
12.365
12.381
12.418
12.381
10.05
12.414
12.504
12.279
12.14
12.467
12.397
12.397
12.332
12.365
12.451
12.23
12.434
12.451
12.5
12.483
12.144
12.434
12.418
12.418
12.312
12.434
12.504
12.348
12.365
12.365
12.52
('The average distance is: ', 12.3629)('The Standard deviation is: ', 0.24841097011456648)